2019-12-15 09:49:26.689  Debug  (demo.go       :main.Run      :40   ) user server is running
2019-12-15 09:49:26.691  Debug  (demo.go       :main.Run      :40   ) user server is running
2019-12-15 09:49:26.692  Debug  (demo.go       :main.Run      :40   ) user server is running
2019-12-15 09:49:26.693  Debug  (demo.go       :main.Run      :40   ) user server is running
2019-12-15 09:49:26.694  Debug  (demo.go       :main.Run      :40   ) user server is running
2019-12-15 09:49:26.695  Debug  (demo.go       :main.Run      :40   ) user server is running
2019-12-15 09:49:26.697  Debug  (demo.go       :main.Run      :40   ) user server is running
2019-12-15 09:49:26.698  Debug  (demo.go       :main.Run      :40   ) user server is running
2019-12-15 09:49:26.699  Debug  (demo.go       :main.Run      :40   ) user server is running
2019-12-15 09:49:26.7    Debug  (demo.go       :main.Run      :40   ) user server is running
2019-12-15 09:49:26.701  Debug  (demo.go       :main.Run      :40   ) user server is running
2019-12-15 09:49:26.703  Debug  (demo.go       :main.Run      :40   ) user server is running
2019-12-15 09:49:26.704  Debug  (demo.go       :main.Run      :40   ) user server is running
2019-12-15 09:49:26.705  Debug  (demo.go       :main.Run      :40   ) user server is running
2019-12-15 09:49:26.706  Debug  (demo.go       :main.Run      :40   ) user server is running
2019-12-15 09:49:26.707  Debug  (demo.go       :main.Run      :40   ) user server is running
2019-12-15 09:49:26.709  Debug  (demo.go       :main.Run      :40   ) user server is running
2019-12-15 09:49:26.71   Debug  (demo.go       :main.Run      :40   ) user server is running
2019-12-15 09:49:26.711  Debug  (demo.go       :main.Run      :40   ) user server is running
2019-12-15 09:49:26.712  Debug  (demo.go       :main.Run      :40   ) user server is running
2019-12-15 09:49:26.714  Debug  (demo.go       :main.Run      :40   ) user server is running
2019-12-15 09:49:26.715  Debug  (demo.go       :main.Run      :40   ) user server is running
2019-12-15 09:49:26.716  Debug  (demo.go       :main.Run      :40   ) user server is running
2019-12-15 09:49:26.718  Debug  (demo.go       :main.Run      :40   ) user server is running
2019-12-15 09:49:26.719  Debug  (demo.go       :main.Run      :40   ) user server is running
2019-12-15 09:49:26.72   Debug  (demo.go       :main.Run      :40   ) user server is running
2019-12-15 09:49:26.721  Debug  (demo.go       :main.Run      :40   ) user server is running
2019-12-15 09:49:26.722  Debug  (demo.go       :main.Run      :40   ) user server is running
2019-12-15 09:49:26.724  Debug  (demo.go       :main.Run      :40   ) user server is running
2019-12-15 09:49:26.725  Debug  (demo.go       :main.Run      :40   ) user server is running
2019-12-15 09:49:26.726  Debug  (demo.go       :main.Run      :40   ) user server is running
2019-12-15 09:49:26.727  Debug  (demo.go       :main.Run      :40   ) user server is running
2019-12-15 09:49:26.729  Debug  (demo.go       :main.Run      :40   ) user server is running
2019-12-15 09:49:26.73   Debug  (demo.go       :main.Run      :40   ) user server is running
2019-12-15 09:49:26.731  Debug  (demo.go       :main.Run      :40   ) user server is running
2019-12-15 09:49:26.732  Debug  (demo.go       :main.Run      :40   ) user server is running
2019-12-15 09:49:26.734  Debug  (demo.go       :main.Run      :40   ) user server is running
2019-12-15 09:49:26.735  Debug  (demo.go       :main.Run      :40   ) user server is running
2019-12-15 09:49:26.736  Debug  (demo.go       :main.Run      :40   ) user server is running
2019-12-15 09:49:26.737  Debug  (demo.go       :main.Run      :40   ) user server is running
2019-12-15 09:49:26.739  Debug  (demo.go       :main.Run      :40   ) user server is running
2019-12-15 09:49:26.74   Debug  (demo.go       :main.Run      :40   ) user server is running
2019-12-15 09:49:26.741  Debug  (demo.go       :main.Run      :40   ) user server is running
2019-12-15 09:49:26.742  Debug  (demo.go       :main.Run      :40   ) user server is running
2019-12-15 09:49:26.744  Debug  (demo.go       :main.Run      :40   ) user server is running
2019-12-15 09:49:26.745  Debug  (demo.go       :main.Run      :40   ) user server is running
2019-12-15 09:49:26.746  Debug  (demo.go       :main.Run      :40   ) user server is running
2019-12-15 09:49:26.747  Debug  (demo.go       :main.Run      :40   ) user server is running
2019-12-15 09:49:26.749  Debug  (demo.go       :main.Run      :40   ) user server is running
2019-12-15 09:49:26.75   Debug  (demo.go       :main.Run      :40   ) user server is running
2019-12-15 09:49:26.751  Debug  (demo.go       :main.Run      :40   ) user server is running
2019-12-15 09:49:26.753  Debug  (demo.go       :main.Run      :40   ) user server is running
2019-12-15 09:49:26.754  Debug  (demo.go       :main.Run      :40   ) user server is running
2019-12-15 09:49:26.755  Debug  (demo.go       :main.Run      :40   ) user server is running
2019-12-15 09:49:26.756  Debug  (demo.go       :main.Run      :40   ) user server is running
2019-12-15 09:49:26.757  Debug  (demo.go       :main.Run      :40   ) user server is running
2019-12-15 09:49:26.759  Debug  (demo.go       :main.Run      :40   ) user server is running
2019-12-15 09:49:26.76   Debug  (demo.go       :main.Run      :40   ) user server is running
2019-12-15 09:49:26.761  Debug  (demo.go       :main.Run      :40   ) user server is running
2019-12-15 09:49:26.762  Debug  (demo.go       :main.Run      :40   ) user server is running
2019-12-15 09:49:26.764  Debug  (demo.go       :main.Run      :40   ) user server is running
2019-12-15 09:49:26.765  Debug  (demo.go       :main.Run      :40   ) user server is running
2019-12-15 09:49:26.766  Debug  (demo.go       :main.Run      :40   ) user server is running
2019-12-15 09:49:26.767  Debug  (demo.go       :main.Run      :40   ) user server is running
2019-12-15 09:49:26.768  Debug  (demo.go       :main.Run      :40   ) user server is running
2019-12-15 09:49:26.77   Debug  (demo.go       :main.Run      :40   ) user server is running
2019-12-15 09:49:26.771  Debug  (demo.go       :main.Run      :40   ) user server is running
2019-12-15 09:49:26.772  Debug  (demo.go       :main.Run      :40   ) user server is running
2019-12-15 09:49:26.773  Debug  (demo.go       :main.Run      :40   ) user server is running
2019-12-15 09:49:26.775  Debug  (demo.go       :main.Run      :40   ) user server is running
2019-12-15 09:49:26.776  Debug  (demo.go       :main.Run      :40   ) user server is running
2019-12-15 09:49:26.777  Debug  (demo.go       :main.Run      :40   ) user server is running
2019-12-15 09:49:26.778  Debug  (demo.go       :main.Run      :40   ) user server is running
2019-12-15 09:49:26.78   Debug  (demo.go       :main.Run      :40   ) user server is running
2019-12-15 09:49:26.781  Debug  (demo.go       :main.Run      :40   ) user server is running
2019-12-15 09:49:26.782  Debug  (demo.go       :main.Run      :40   ) user server is running
2019-12-15 09:49:26.783  Debug  (demo.go       :main.Run      :40   ) user server is running
2019-12-15 09:49:26.784  Debug  (demo.go       :main.Run      :40   ) user server is running
2019-12-15 09:49:26.786  Debug  (demo.go       :main.Run      :40   ) user server is running
2019-12-15 09:49:26.787  Debug  (demo.go       :main.Run      :40   ) user server is running
2019-12-15 09:49:26.788  Debug  (demo.go       :main.Run      :40   ) user server is running
2019-12-15 09:49:26.789  Debug  (demo.go       :main.Run      :40   ) user server is running
2019-12-15 09:49:26.791  Debug  (demo.go       :main.Run      :40   ) user server is running
2019-12-15 09:49:26.792  Debug  (demo.go       :main.Run      :40   ) user server is running
2019-12-15 09:49:26.793  Debug  (demo.go       :main.Run      :40   ) user server is running
2019-12-15 09:49:26.794  Debug  (demo.go       :main.Run      :40   ) user server is running
2019-12-15 09:49:26.795  Debug  (demo.go       :main.Run      :40   ) user server is running
2019-12-15 09:49:26.797  Debug  (demo.go       :main.Run      :40   ) user server is running
2019-12-15 09:49:26.798  Debug  (demo.go       :main.Run      :40   ) user server is running
2019-12-15 09:49:26.799  Debug  (demo.go       :main.Run      :40   ) user server is running
2019-12-15 09:49:26.8    Debug  (demo.go       :main.Run      :40   ) user server is running
2019-12-15 09:49:26.801  Debug  (demo.go       :main.Run      :40   ) user server is running
2019-12-15 09:49:26.803  Debug  (demo.go       :main.Run      :40   ) user server is running
2019-12-15 09:49:26.804  Debug  (demo.go       :main.Run      :40   ) user server is running
2019-12-15 09:49:26.805  Debug  (demo.go       :main.Run      :40   ) user server is running
2019-12-15 09:49:26.806  Debug  (demo.go       :main.Run      :40   ) user server is running
2019-12-15 09:49:26.807  Debug  (demo.go       :main.Run      :40   ) user server is running
2019-12-15 09:49:26.809  Debug  (demo.go       :main.Run      :40   ) user server is running
2019-12-15 09:49:26.81   Debug  (demo.go       :main.Run      :40   ) user server is running
2019-12-15 09:49:26.811  Debug  (demo.go       :main.Run      :40   ) user server is running
2019-12-15 09:49:26.812  Debug  (demo.go       :main.Run      :40   ) user server is running
2019-12-15 09:49:26.814  Debug  (demo.go       :main.Run      :40   ) user server is running
2019-12-15 09:49:26.815  Debug  (demo.go       :main.Run      :40   ) user server is running
2019-12-15 09:49:26.816  Debug  (demo.go       :main.Run      :40   ) user server is running
2019-12-15 09:49:26.817  Debug  (demo.go       :main.Run      :40   ) user server is running
2019-12-15 09:49:26.819  Debug  (demo.go       :main.Run      :40   ) user server is running
2019-12-15 09:49:26.82   Debug  (demo.go       :main.Run      :40   ) user server is running
2019-12-15 09:49:26.821  Debug  (demo.go       :main.Run      :40   ) user server is running
2019-12-15 09:49:26.822  Debug  (demo.go       :main.Run      :40   ) user server is running
2019-12-15 09:49:26.823  Debug  (demo.go       :main.Run      :40   ) user server is running
2019-12-15 09:49:26.825  Debug  (demo.go       :main.Run      :40   ) user server is running
2019-12-15 09:49:26.826  Debug  (demo.go       :main.Run      :40   ) user server is running
2019-12-15 09:49:26.827  Debug  (demo.go       :main.Run      :40   ) user server is running
2019-12-15 09:49:26.828  Debug  (demo.go       :main.Run      :40   ) user server is running
2019-12-15 09:49:26.83   Debug  (demo.go       :main.Run      :40   ) user server is running
2019-12-15 09:49:26.831  Debug  (demo.go       :main.Run      :40   ) user server is running
2019-12-15 09:49:26.832  Debug  (demo.go       :main.Run      :40   ) user server is running
2019-12-15 09:49:26.834  Debug  (demo.go       :main.Run      :40   ) user server is running
2019-12-15 09:49:26.835  Debug  (demo.go       :main.Run      :40   ) user server is running
2019-12-15 09:49:26.836  Debug  (demo.go       :main.Run      :40   ) user server is running
2019-12-15 09:49:26.837  Debug  (demo.go       :main.Run      :40   ) user server is running
2019-12-15 09:49:26.838  Debug  (demo.go       :main.Run      :40   ) user server is running
2019-12-15 09:49:26.84   Debug  (demo.go       :main.Run      :40   ) user server is running
2019-12-15 09:49:26.841  Debug  (demo.go       :main.Run      :40   ) user server is running
2019-12-15 09:49:26.842  Debug  (demo.go       :main.Run      :40   ) user server is running
2019-12-15 09:49:26.843  Debug  (demo.go       :main.Run      :40   ) user server is running
2019-12-15 09:49:26.844  Debug  (demo.go       :main.Run      :40   ) user server is running
2019-12-15 09:49:26.846  Debug  (demo.go       :main.Run      :40   ) user server is running
2019-12-15 09:49:26.847  Debug  (demo.go       :main.Run      :40   ) user server is running
2019-12-15 09:49:26.848  Debug  (demo.go       :main.Run      :40   ) user server is running
2019-12-15 09:49:26.85   Debug  (demo.go       :main.Run      :40   ) user server is running
2019-12-15 09:49:26.851  Debug  (demo.go       :main.Run      :40   ) user server is running
2019-12-15 09:49:26.852  Debug  (demo.go       :main.Run      :40   ) user server is running
2019-12-15 09:49:26.853  Debug  (demo.go       :main.Run      :40   ) user server is running
2019-12-15 09:49:26.854  Debug  (demo.go       :main.Run      :40   ) user server is running
2019-12-15 09:49:26.855  Debug  (demo.go       :main.Run      :40   ) user server is running
2019-12-15 09:49:26.856  Debug  (demo.go       :main.Run      :40   ) user server is running
2019-12-15 09:49:26.858  Debug  (demo.go       :main.Run      :40   ) user server is running
2019-12-15 09:49:26.859  Debug  (demo.go       :main.Run      :40   ) user server is running
2019-12-15 09:49:26.86   Debug  (demo.go       :main.Run      :40   ) user server is running
2019-12-15 09:49:26.861  Debug  (demo.go       :main.Run      :40   ) user server is running
2019-12-15 09:49:26.863  Debug  (demo.go       :main.Run      :40   ) user server is running
2019-12-15 09:49:26.864  Debug  (demo.go       :main.Run      :40   ) user server is running
2019-12-15 09:49:26.865  Debug  (demo.go       :main.Run      :40   ) user server is running
2019-12-15 09:49:26.866  Debug  (demo.go       :main.Run      :40   ) user server is running
2019-12-15 09:49:26.868  Debug  (demo.go       :main.Run      :40   ) user server is running
2019-12-15 09:49:26.869  Debug  (demo.go       :main.Run      :40   ) user server is running
2019-12-15 09:49:26.87   Debug  (demo.go       :main.Run      :40   ) user server is running
2019-12-15 09:49:26.871  Debug  (demo.go       :main.Run      :40   ) user server is running
2019-12-15 09:49:26.873  Debug  (demo.go       :main.Run      :40   ) user server is running
2019-12-15 09:49:26.874  Debug  (demo.go       :main.Run      :40   ) user server is running
2019-12-15 09:49:26.875  Debug  (demo.go       :main.Run      :40   ) user server is running
2019-12-15 09:49:26.876  Debug  (demo.go       :main.Run      :40   ) user server is running
2019-12-15 09:49:26.877  Debug  (demo.go       :main.Run      :40   ) user server is running
2019-12-15 09:49:26.879  Debug  (demo.go       :main.Run      :40   ) user server is running
2019-12-15 09:49:26.88   Debug  (demo.go       :main.Run      :40   ) user server is running
2019-12-15 09:49:26.881  Debug  (demo.go       :main.Run      :40   ) user server is running
2019-12-15 09:49:26.883  Debug  (demo.go       :main.Run      :40   ) user server is running
2019-12-15 09:49:26.884  Debug  (demo.go       :main.Run      :40   ) user server is running
2019-12-15 09:49:26.885  Debug  (demo.go       :main.Run      :40   ) user server is running
2019-12-15 09:49:26.886  Debug  (demo.go       :main.Run      :40   ) user server is running
2019-12-15 09:49:26.887  Debug  (demo.go       :main.Run      :40   ) user server is running
2019-12-15 09:49:26.889  Debug  (demo.go       :main.Run      :40   ) user server is running
2019-12-15 09:49:26.89   Debug  (demo.go       :main.Run      :40   ) user server is running
2019-12-15 09:49:26.891  Debug  (demo.go       :main.Run      :40   ) user server is running
2019-12-15 09:49:26.892  Debug  (demo.go       :main.Run      :40   ) user server is running
2019-12-15 09:49:26.893  Debug  (demo.go       :main.Run      :40   ) user server is running
2019-12-15 09:49:26.895  Debug  (demo.go       :main.Run      :40   ) user server is running
2019-12-15 09:49:26.896  Debug  (demo.go       :main.Run      :40   ) user server is running
2019-12-15 09:49:26.897  Debug  (demo.go       :main.Run      :40   ) user server is running
2019-12-15 09:49:26.898  Debug  (demo.go       :main.Run      :40   ) user server is running
2019-12-15 09:49:26.9    Debug  (demo.go       :main.Run      :40   ) user server is running
2019-12-15 09:49:26.901  Debug  (demo.go       :main.Run      :40   ) user server is running
2019-12-15 09:49:26.902  Debug  (demo.go       :main.Run      :40   ) user server is running
2019-12-15 09:49:26.903  Debug  (demo.go       :main.Run      :40   ) user server is running
2019-12-15 09:49:26.905  Debug  (demo.go       :main.Run      :40   ) user server is running
2019-12-15 09:49:26.906  Debug  (demo.go       :main.Run      :40   ) user server is running
2019-12-15 09:49:26.907  Debug  (demo.go       :main.Run      :40   ) user server is running
2019-12-15 09:49:26.908  Debug  (demo.go       :main.Run      :40   ) user server is running
2019-12-15 09:49:26.909  Debug  (demo.go       :main.Run      :40   ) user server is running
2019-12-15 09:49:26.911  Debug  (demo.go       :main.Run      :40   ) user server is running
2019-12-15 09:49:26.912  Debug  (demo.go       :main.Run      :40   ) user server is running
2019-12-15 09:49:26.913  Debug  (demo.go       :main.Run      :40   ) user server is running
2019-12-15 09:49:26.914  Debug  (demo.go       :main.Run      :40   ) user server is running
2019-12-15 09:49:26.915  Debug  (demo.go       :main.Run      :40   ) user server is running
2019-12-15 09:49:26.917  Debug  (demo.go       :main.Run      :40   ) user server is running
2019-12-15 09:49:26.918  Debug  (demo.go       :main.Run      :40   ) user server is running
2019-12-15 09:49:26.919  Debug  (demo.go       :main.Run      :40   ) user server is running
2019-12-15 09:49:26.92   Debug  (demo.go       :main.Run      :40   ) user server is running
2019-12-15 09:49:26.921  Debug  (demo.go       :main.Run      :40   ) user server is running
2019-12-15 09:49:26.923  Debug  (demo.go       :main.Run      :40   ) user server is running
2019-12-15 09:49:26.924  Debug  (demo.go       :main.Run      :40   ) user server is running
2019-12-15 09:49:26.925  Debug  (demo.go       :main.Run      :40   ) user server is running
2019-12-15 09:49:26.926  Debug  (demo.go       :main.Run      :40   ) user server is running
2019-12-15 09:49:26.928  Debug  (demo.go       :main.Run      :40   ) user server is running
2019-12-15 09:49:26.929  Debug  (demo.go       :main.Run      :40   ) user server is running
2019-12-15 09:49:26.93   Debug  (demo.go       :main.Run      :40   ) user server is running
2019-12-15 09:49:26.931  Debug  (demo.go       :main.Run      :40   ) user server is running
2019-12-15 09:49:26.932  Debug  (demo.go       :main.Run      :40   ) user server is running
2019-12-15 09:49:26.934  Debug  (demo.go       :main.Run      :40   ) user server is running
2019-12-15 09:49:26.935  Debug  (demo.go       :main.Run      :40   ) user server is running
2019-12-15 09:49:26.936  Debug  (demo.go       :main.Run      :40   ) user server is running
2019-12-15 09:49:26.937  Debug  (demo.go       :main.Run      :40   ) user server is running
2019-12-15 09:49:26.938  Debug  (demo.go       :main.Run      :40   ) user server is running
2019-12-15 09:49:26.94   Debug  (demo.go       :main.Run      :40   ) user server is running
2019-12-15 09:49:26.941  Debug  (demo.go       :main.Run      :40   ) user server is running
2019-12-15 09:49:26.942  Debug  (demo.go       :main.Run      :40   ) user server is running
2019-12-15 09:49:26.943  Debug  (demo.go       :main.Run      :40   ) user server is running
2019-12-15 09:49:26.945  Debug  (demo.go       :main.Run      :40   ) user server is running
2019-12-15 09:49:26.946  Debug  (demo.go       :main.Run      :40   ) user server is running
2019-12-15 09:49:26.947  Debug  (demo.go       :main.Run      :40   ) user server is running
2019-12-15 09:49:26.948  Debug  (demo.go       :main.Run      :40   ) user server is running
2019-12-15 09:49:26.949  Debug  (demo.go       :main.Run      :40   ) user server is running
2019-12-15 09:49:26.951  Debug  (demo.go       :main.Run      :40   ) user server is running
2019-12-15 09:49:26.952  Debug  (demo.go       :main.Run      :40   ) user server is running
2019-12-15 09:49:26.953  Debug  (demo.go       :main.Run      :40   ) user server is running
2019-12-15 09:49:26.954  Debug  (demo.go       :main.Run      :40   ) user server is running
2019-12-15 09:49:26.955  Debug  (demo.go       :main.Run      :40   ) user server is running
2019-12-15 09:49:26.956  Debug  (demo.go       :main.Run      :40   ) user server is running
2019-12-15 09:49:26.958  Debug  (demo.go       :main.Run      :40   ) user server is running
2019-12-15 09:49:26.959  Debug  (demo.go       :main.Run      :40   ) user server is running
2019-12-15 09:49:26.96   Debug  (demo.go       :main.Run      :40   ) user server is running
2019-12-15 09:49:26.961  Debug  (demo.go       :main.Run      :40   ) user server is running
2019-12-15 09:49:26.962  Debug  (demo.go       :main.Run      :40   ) user server is running
2019-12-15 09:49:26.964  Debug  (demo.go       :main.Run      :40   ) user server is running
2019-12-15 09:49:26.965  Debug  (demo.go       :main.Run      :40   ) user server is running
2019-12-15 09:49:26.966  Debug  (demo.go       :main.Run      :40   ) user server is running
2019-12-15 09:49:26.968  Debug  (demo.go       :main.Run      :40   ) user server is running
2019-12-15 09:49:26.969  Debug  (demo.go       :main.Run      :40   ) user server is running
2019-12-15 09:49:26.97   Debug  (demo.go       :main.Run      :40   ) user server is running
2019-12-15 09:49:26.971  Debug  (demo.go       :main.Run      :40   ) user server is running
2019-12-15 09:49:26.972  Debug  (demo.go       :main.Run      :40   ) user server is running
2019-12-15 09:49:26.973  Debug  (demo.go       :main.Run      :40   ) user server is running
2019-12-15 09:49:26.975  Debug  (demo.go       :main.Run      :40   ) user server is running
2019-12-15 09:49:26.976  Debug  (demo.go       :main.Run      :40   ) user server is running
2019-12-15 09:49:26.977  Debug  (demo.go       :main.Run      :40   ) user server is running
2019-12-15 09:49:26.979  Debug  (demo.go       :main.Run      :40   ) user server is running
2019-12-15 09:49:26.98   Debug  (demo.go       :main.Run      :40   ) user server is running
2019-12-15 09:49:26.981  Debug  (demo.go       :main.Run      :40   ) user server is running
2019-12-15 09:49:26.982  Debug  (demo.go       :main.Run      :40   ) user server is running
2019-12-15 09:49:26.984  Debug  (demo.go       :main.Run      :40   ) user server is running
2019-12-15 09:49:26.985  Debug  (demo.go       :main.Run      :40   ) user server is running
2019-12-15 09:49:26.986  Debug  (demo.go       :main.Run      :40   ) user server is running
2019-12-15 09:49:26.987  Debug  (demo.go       :main.Run      :40   ) user server is running
2019-12-15 09:49:26.989  Debug  (demo.go       :main.Run      :40   ) user server is running
2019-12-15 09:49:26.99   Debug  (demo.go       :main.Run      :40   ) user server is running
2019-12-15 09:49:26.991  Debug  (demo.go       :main.Run      :40   ) user server is running
2019-12-15 09:49:26.992  Debug  (demo.go       :main.Run      :40   ) user server is running
2019-12-15 09:49:26.994  Debug  (demo.go       :main.Run      :40   ) user server is running
2019-12-15 09:49:26.995  Debug  (demo.go       :main.Run      :40   ) user server is running
2019-12-15 09:49:26.996  Debug  (demo.go       :main.Run      :40   ) user server is running
2019-12-15 09:49:26.997  Debug  (demo.go       :main.Run      :40   ) user server is running
2019-12-15 09:49:26.998  Debug  (demo.go       :main.Run      :40   ) user server is running
2019-12-15 09:49:27      Debug  (demo.go       :main.Run      :40   ) user server is running
2019-12-15 09:49:27.001  Debug  (demo.go       :main.Run      :40   ) user server is running
2019-12-15 09:49:27.002  Debug  (demo.go       :main.Run      :40   ) user server is running
2019-12-15 09:49:27.003  Debug  (demo.go       :main.Run      :40   ) user server is running
2019-12-15 09:49:27.004  Debug  (demo.go       :main.Run      :40   ) user server is running
2019-12-15 09:49:27.006  Debug  (demo.go       :main.Run      :40   ) user server is running
2019-12-15 09:49:27.007  Debug  (demo.go       :main.Run      :40   ) user server is running
2019-12-15 09:49:27.008  Debug  (demo.go       :main.Run      :40   ) user server is running
2019-12-15 09:49:27.009  Debug  (demo.go       :main.Run      :40   ) user server is running
2019-12-15 09:49:27.011  Debug  (demo.go       :main.Run      :40   ) user server is running
2019-12-15 09:49:27.012  Debug  (demo.go       :main.Run      :40   ) user server is running
2019-12-15 09:49:27.013  Debug  (demo.go       :main.Run      :40   ) user server is running
2019-12-15 09:49:27.014  Debug  (demo.go       :main.Run      :40   ) user server is running
2019-12-15 09:49:27.016  Debug  (demo.go       :main.Run      :40   ) user server is running
2019-12-15 09:49:27.017  Debug  (demo.go       :main.Run      :40   ) user server is running
2019-12-15 09:49:27.018  Debug  (demo.go       :main.Run      :40   ) user server is running
2019-12-15 09:49:27.019  Debug  (demo.go       :main.Run      :40   ) user server is running
2019-12-15 09:49:27.021  Debug  (demo.go       :main.Run      :40   ) user server is running
2019-12-15 09:49:27.022  Debug  (demo.go       :main.Run      :40   ) user server is running
2019-12-15 09:49:27.023  Debug  (demo.go       :main.Run      :40   ) user server is running
2019-12-15 09:49:27.024  Debug  (demo.go       :main.Run      :40   ) user server is running
2019-12-15 09:49:27.026  Debug  (demo.go       :main.Run      :40   ) user server is running
2019-12-15 09:49:27.027  Debug  (demo.go       :main.Run      :40   ) user server is running
2019-12-15 09:49:27.028  Debug  (demo.go       :main.Run      :40   ) user server is running
2019-12-15 09:49:27.029  Debug  (demo.go       :main.Run      :40   ) user server is running
2019-12-15 09:49:27.031  Debug  (demo.go       :main.Run      :40   ) user server is running
2019-12-15 09:49:27.032  Debug  (demo.go       :main.Run      :40   ) user server is running
2019-12-15 09:49:27.033  Debug  (demo.go       :main.Run      :40   ) user server is running
2019-12-15 09:49:27.034  Debug  (demo.go       :main.Run      :40   ) user server is running
2019-12-15 09:49:27.035  Debug  (demo.go       :main.Run      :40   ) user server is running
2019-12-15 09:49:27.036  Debug  (demo.go       :main.Run      :40   ) user server is running
2019-12-15 09:49:27.038  Debug  (demo.go       :main.Run      :40   ) user server is running
2019-12-15 09:49:27.039  Debug  (demo.go       :main.Run      :40   ) user server is running
2019-12-15 09:49:27.04   Debug  (demo.go       :main.Run      :40   ) user server is running
2019-12-15 09:49:27.041  Debug  (demo.go       :main.Run      :40   ) user server is running
2019-12-15 09:49:27.042  Debug  (demo.go       :main.Run      :40   ) user server is running
2019-12-15 09:49:27.044  Debug  (demo.go       :main.Run      :40   ) user server is running
2019-12-15 09:49:27.045  Debug  (demo.go       :main.Run      :40   ) user server is running
2019-12-15 09:49:27.046  Debug  (demo.go       :main.Run      :40   ) user server is running
2019-12-15 09:49:27.047  Debug  (demo.go       :main.Run      :40   ) user server is running
2019-12-15 09:49:27.049  Debug  (demo.go       :main.Run      :40   ) user server is running
2019-12-15 09:49:27.05   Debug  (demo.go       :main.Run      :40   ) user server is running
2019-12-15 09:49:27.051  Debug  (demo.go       :main.Run      :40   ) user server is running
2019-12-15 09:49:27.052  Debug  (demo.go       :main.Run      :40   ) user server is running
2019-12-15 09:49:27.053  Debug  (demo.go       :main.Run      :40   ) user server is running
2019-12-15 09:49:27.054  Debug  (demo.go       :main.Run      :40   ) user server is running
2019-12-15 09:49:27.056  Debug  (demo.go       :main.Run      :40   ) user server is running
2019-12-15 09:49:27.057  Debug  (demo.go       :main.Run      :40   ) user server is running
2019-12-15 09:49:27.058  Debug  (demo.go       :main.Run      :40   ) user server is running
2019-12-15 09:49:27.059  Debug  (demo.go       :main.Run      :40   ) user server is running
2019-12-15 09:49:27.061  Debug  (demo.go       :main.Run      :40   ) user server is running
2019-12-15 09:49:27.062  Debug  (demo.go       :main.Run      :40   ) user server is running
2019-12-15 09:49:27.063  Debug  (demo.go       :main.Run      :40   ) user server is running
2019-12-15 09:49:27.064  Debug  (demo.go       :main.Run      :40   ) user server is running
2019-12-15 09:49:27.066  Debug  (demo.go       :main.Run      :40   ) user server is running
2019-12-15 09:49:27.067  Debug  (demo.go       :main.Run      :40   ) user server is running
2019-12-15 09:49:27.068  Debug  (demo.go       :main.Run      :40   ) user server is running
2019-12-15 09:49:27.069  Debug  (demo.go       :main.Run      :40   ) user server is running
2019-12-15 09:49:27.07   Debug  (demo.go       :main.Run      :40   ) user server is running
2019-12-15 09:49:27.071  Debug  (demo.go       :main.Run      :40   ) user server is running
2019-12-15 09:49:27.073  Debug  (demo.go       :main.Run      :40   ) user server is running
2019-12-15 09:49:27.074  Debug  (demo.go       :main.Run      :40   ) user server is running
2019-12-15 09:49:27.075  Debug  (demo.go       :main.Run      :40   ) user server is running
2019-12-15 09:49:27.076  Debug  (demo.go       :main.Run      :40   ) user server is running
2019-12-15 09:49:27.078  Debug  (demo.go       :main.Run      :40   ) user server is running
2019-12-15 09:49:27.079  Debug  (demo.go       :main.Run      :40   ) user server is running
2019-12-15 09:49:27.08   Debug  (demo.go       :main.Run      :40   ) user server is running
2019-12-15 09:49:27.081  Debug  (demo.go       :main.Run      :40   ) user server is running
2019-12-15 09:49:27.082  Debug  (demo.go       :main.Run      :40   ) user server is running
2019-12-15 09:49:27.083  Debug  (demo.go       :main.Run      :40   ) user server is running
2019-12-15 09:49:27.085  Debug  (demo.go       :main.Run      :40   ) user server is running
2019-12-15 09:49:27.086  Debug  (demo.go       :main.Run      :40   ) user server is running
2019-12-15 09:49:27.087  Debug  (demo.go       :main.Run      :40   ) user server is running
2019-12-15 09:49:27.088  Debug  (demo.go       :main.Run      :40   ) user server is running
2019-12-15 09:49:27.089  Debug  (demo.go       :main.Run      :40   ) user server is running
2019-12-15 09:49:27.09   Debug  (demo.go       :main.Run      :40   ) user server is running
2019-12-15 09:49:27.091  Debug  (demo.go       :main.Run      :40   ) user server is running
2019-12-15 09:49:27.093  Debug  (demo.go       :main.Run      :40   ) user server is running
2019-12-15 09:49:27.094  Debug  (demo.go       :main.Run      :40   ) user server is running
2019-12-15 09:49:27.095  Debug  (demo.go       :main.Run      :40   ) user server is running
2019-12-15 09:49:27.096  Debug  (demo.go       :main.Run      :40   ) user server is running
2019-12-15 09:49:27.097  Debug  (demo.go       :main.Run      :40   ) user server is running
2019-12-15 09:49:27.099  Debug  (demo.go       :main.Run      :40   ) user server is running
2019-12-15 09:49:27.1    Debug  (demo.go       :main.Run      :40   ) user server is running
2019-12-15 09:49:27.101  Debug  (demo.go       :main.Run      :40   ) user server is running
2019-12-15 09:49:27.102  Debug  (demo.go       :main.Run      :40   ) user server is running
2019-12-15 09:49:27.104  Debug  (demo.go       :main.Run      :40   ) user server is running
2019-12-15 09:49:27.105  Debug  (demo.go       :main.Run      :40   ) user server is running
2019-12-15 09:49:27.106  Debug  (demo.go       :main.Run      :40   ) user server is running
2019-12-15 09:49:27.107  Debug  (demo.go       :main.Run      :40   ) user server is running
2019-12-15 09:49:27.109  Debug  (demo.go       :main.Run      :40   ) user server is running
2019-12-15 09:49:27.11   Debug  (demo.go       :main.Run      :40   ) user server is running
2019-12-15 09:49:27.111  Debug  (demo.go       :main.Run      :40   ) user server is running
2019-12-15 09:49:27.112  Debug  (demo.go       :main.Run      :40   ) user server is running
2019-12-15 09:49:27.114  Debug  (demo.go       :main.Run      :40   ) user server is running
2019-12-15 09:49:27.115  Debug  (demo.go       :main.Run      :40   ) user server is running
2019-12-15 09:49:27.116  Debug  (demo.go       :main.Run      :40   ) user server is running
2019-12-15 09:49:27.117  Debug  (demo.go       :main.Run      :40   ) user server is running
2019-12-15 09:49:27.119  Debug  (demo.go       :main.Run      :40   ) user server is running
2019-12-15 09:49:27.12   Debug  (demo.go       :main.Run      :40   ) user server is running
2019-12-15 09:49:27.121  Debug  (demo.go       :main.Run      :40   ) user server is running
2019-12-15 09:49:27.122  Debug  (demo.go       :main.Run      :40   ) user server is running
2019-12-15 09:49:27.124  Debug  (demo.go       :main.Run      :40   ) user server is running
2019-12-15 09:49:27.125  Debug  (demo.go       :main.Run      :40   ) user server is running
2019-12-15 09:49:27.126  Debug  (demo.go       :main.Run      :40   ) user server is running
2019-12-15 09:49:27.127  Debug  (demo.go       :main.Run      :40   ) user server is running
2019-12-15 09:49:27.128  Debug  (demo.go       :main.Run      :40   ) user server is running
2019-12-15 09:49:27.13   Debug  (demo.go       :main.Run      :40   ) user server is running
2019-12-15 09:49:27.131  Debug  (demo.go       :main.Run      :40   ) user server is running
2019-12-15 09:49:27.132  Debug  (demo.go       :main.Run      :40   ) user server is running
2019-12-15 09:49:27.133  Debug  (demo.go       :main.Run      :40   ) user server is running
2019-12-15 09:49:27.135  Debug  (demo.go       :main.Run      :40   ) user server is running
2019-12-15 09:49:27.136  Debug  (demo.go       :main.Run      :40   ) user server is running
2019-12-15 09:49:27.137  Debug  (demo.go       :main.Run      :40   ) user server is running
2019-12-15 09:49:27.138  Debug  (demo.go       :main.Run      :40   ) user server is running
2019-12-15 09:49:27.139  Debug  (demo.go       :main.Run      :40   ) user server is running
2019-12-15 09:49:27.141  Debug  (demo.go       :main.Run      :40   ) user server is running
2019-12-15 09:49:27.142  Debug  (demo.go       :main.Run      :40   ) user server is running
2019-12-15 09:49:27.143  Debug  (demo.go       :main.Run      :40   ) user server is running
2019-12-15 09:49:27.144  Debug  (demo.go       :main.Run      :40   ) user server is running
2019-12-15 09:49:27.146  Debug  (demo.go       :main.Run      :40   ) user server is running
2019-12-15 09:49:27.147  Debug  (demo.go       :main.Run      :40   ) user server is running
2019-12-15 09:49:27.148  Debug  (demo.go       :main.Run      :40   ) user server is running
2019-12-15 09:49:27.149  Debug  (demo.go       :main.Run      :40   ) user server is running
2019-12-15 09:49:27.15   Debug  (demo.go       :main.Run      :40   ) user server is running
2019-12-15 09:49:27.152  Debug  (demo.go       :main.Run      :40   ) user server is running
2019-12-15 09:49:27.153  Debug  (demo.go       :main.Run      :40   ) user server is running
2019-12-15 09:49:27.154  Debug  (demo.go       :main.Run      :40   ) user server is running
2019-12-15 09:49:27.156  Debug  (demo.go       :main.Run      :40   ) user server is running
2019-12-15 09:49:27.157  Debug  (demo.go       :main.Run      :40   ) user server is running
2019-12-15 09:49:27.158  Debug  (demo.go       :main.Run      :40   ) user server is running
2019-12-15 09:49:27.159  Debug  (demo.go       :main.Run      :40   ) user server is running
2019-12-15 09:49:27.16   Debug  (demo.go       :main.Run      :40   ) user server is running
2019-12-15 09:49:27.162  Debug  (demo.go       :main.Run      :40   ) user server is running
2019-12-15 09:49:27.163  Debug  (demo.go       :main.Run      :40   ) user server is running
2019-12-15 09:49:27.164  Debug  (demo.go       :main.Run      :40   ) user server is running
2019-12-15 09:49:27.166  Debug  (demo.go       :main.Run      :40   ) user server is running
2019-12-15 09:49:27.167  Debug  (demo.go       :main.Run      :40   ) user server is running
2019-12-15 09:49:27.168  Debug  (demo.go       :main.Run      :40   ) user server is running
2019-12-15 09:49:27.169  Debug  (demo.go       :main.Run      :40   ) user server is running
2019-12-15 09:49:27.17   Debug  (demo.go       :main.Run      :40   ) user server is running
2019-12-15 09:49:27.172  Debug  (demo.go       :main.Run      :40   ) user server is running
2019-12-15 09:49:27.173  Debug  (demo.go       :main.Run      :40   ) user server is running
2019-12-15 09:49:27.174  Debug  (demo.go       :main.Run      :40   ) user server is running
2019-12-15 09:49:27.175  Debug  (demo.go       :main.Run      :40   ) user server is running
2019-12-15 09:49:27.177  Debug  (demo.go       :main.Run      :40   ) user server is running
2019-12-15 09:49:27.178  Debug  (demo.go       :main.Run      :40   ) user server is running
2019-12-15 09:49:27.179  Debug  (demo.go       :main.Run      :40   ) user server is running
2019-12-15 09:49:27.18   Debug  (demo.go       :main.Run      :40   ) user server is running
2019-12-15 09:49:27.182  Debug  (demo.go       :main.Run      :40   ) user server is running
2019-12-15 09:49:27.183  Debug  (demo.go       :main.Run      :40   ) user server is running
2019-12-15 09:49:27.184  Debug  (demo.go       :main.Run      :40   ) user server is running
2019-12-15 09:49:27.185  Debug  (demo.go       :main.Run      :40   ) user server is running
2019-12-15 09:49:27.186  Debug  (demo.go       :main.Run      :40   ) user server is running
2019-12-15 09:49:27.188  Debug  (demo.go       :main.Run      :40   ) user server is running
2019-12-15 09:49:27.189  Debug  (demo.go       :main.Run      :40   ) user server is running
2019-12-15 09:49:27.19   Debug  (demo.go       :main.Run      :40   ) user server is running
2019-12-15 09:49:27.192  Debug  (demo.go       :main.Run      :40   ) user server is running
2019-12-15 09:49:27.193  Debug  (demo.go       :main.Run      :40   ) user server is running
2019-12-15 09:49:27.194  Debug  (demo.go       :main.Run      :40   ) user server is running
2019-12-15 09:49:27.195  Debug  (demo.go       :main.Run      :40   ) user server is running
2019-12-15 09:49:27.197  Debug  (demo.go       :main.Run      :40   ) user server is running
2019-12-15 09:49:27.198  Debug  (demo.go       :main.Run      :40   ) user server is running
2019-12-15 09:49:27.199  Debug  (demo.go       :main.Run      :40   ) user server is running
2019-12-15 09:49:27.2    Debug  (demo.go       :main.Run      :40   ) user server is running
2019-12-15 09:49:27.201  Debug  (demo.go       :main.Run      :40   ) user server is running
2019-12-15 09:49:27.202  Debug  (demo.go       :main.Run      :40   ) user server is running
2019-12-15 09:49:27.204  Debug  (demo.go       :main.Run      :40   ) user server is running
2019-12-15 09:49:27.205  Debug  (demo.go       :main.Run      :40   ) user server is running
2019-12-15 09:49:27.206  Debug  (demo.go       :main.Run      :40   ) user server is running
2019-12-15 09:49:27.207  Debug  (demo.go       :main.Run      :40   ) user server is running
2019-12-15 09:49:27.208  Debug  (demo.go       :main.Run      :40   ) user server is running
2019-12-15 09:49:27.21   Debug  (demo.go       :main.Run      :40   ) user server is running
2019-12-15 09:49:27.211  Debug  (demo.go       :main.Run      :40   ) user server is running
2019-12-15 09:49:27.212  Debug  (demo.go       :main.Run      :40   ) user server is running
2019-12-15 09:49:27.214  Debug  (demo.go       :main.Run      :40   ) user server is running
2019-12-15 09:49:27.215  Debug  (demo.go       :main.Run      :40   ) user server is running
